{
 "cells": [
  {
   "cell_type": "code",
   "execution_count": 1,
   "metadata": {},
   "outputs": [],
   "source": [
    "import pandas as pd\n",
    "import numpy as np\n"
   ]
  },
  {
   "cell_type": "code",
   "execution_count": 2,
   "metadata": {},
   "outputs": [],
   "source": [
    "from preprocessing import df\n",
    "from empirical_formulas import apply_formulas\n"
   ]
  },
  {
   "cell_type": "code",
   "execution_count": 3,
   "metadata": {},
   "outputs": [],
   "source": [
    "from IPython import display"
   ]
  },
  {
   "cell_type": "code",
   "execution_count": 4,
   "metadata": {},
   "outputs": [
    {
     "data": {
      "text/html": [
       "<div>\n",
       "<style scoped>\n",
       "    .dataframe tbody tr th:only-of-type {\n",
       "        vertical-align: middle;\n",
       "    }\n",
       "\n",
       "    .dataframe tbody tr th {\n",
       "        vertical-align: top;\n",
       "    }\n",
       "\n",
       "    .dataframe thead th {\n",
       "        text-align: right;\n",
       "    }\n",
       "</style>\n",
       "<table border=\"1\" class=\"dataframe\">\n",
       "  <thead>\n",
       "    <tr style=\"text-align: right;\">\n",
       "      <th></th>\n",
       "      <th>sex</th>\n",
       "      <th>age</th>\n",
       "      <th>Cys</th>\n",
       "      <th>Scr</th>\n",
       "      <th>rGFR</th>\n",
       "      <th>FAScr</th>\n",
       "      <th>FAScys</th>\n",
       "      <th>FAScrcys</th>\n",
       "      <th>EPIcr</th>\n",
       "      <th>EPIcys</th>\n",
       "      <th>EPIcrcys</th>\n",
       "    </tr>\n",
       "  </thead>\n",
       "  <tbody>\n",
       "    <tr>\n",
       "      <td>0</td>\n",
       "      <td>1</td>\n",
       "      <td>38</td>\n",
       "      <td>3.35</td>\n",
       "      <td>8.69</td>\n",
       "      <td>83.7</td>\n",
       "      <td>11.4</td>\n",
       "      <td>26.9</td>\n",
       "      <td>16.0</td>\n",
       "      <td>7.1</td>\n",
       "      <td>17.1</td>\n",
       "      <td>10.0</td>\n",
       "    </tr>\n",
       "    <tr>\n",
       "      <td>1</td>\n",
       "      <td>1</td>\n",
       "      <td>38</td>\n",
       "      <td>3.35</td>\n",
       "      <td>8.69</td>\n",
       "      <td>63.0</td>\n",
       "      <td>11.4</td>\n",
       "      <td>26.9</td>\n",
       "      <td>16.0</td>\n",
       "      <td>7.1</td>\n",
       "      <td>17.1</td>\n",
       "      <td>10.0</td>\n",
       "    </tr>\n",
       "    <tr>\n",
       "      <td>2</td>\n",
       "      <td>1</td>\n",
       "      <td>59</td>\n",
       "      <td>8.89</td>\n",
       "      <td>6.72</td>\n",
       "      <td>11.7</td>\n",
       "      <td>11.4</td>\n",
       "      <td>7.9</td>\n",
       "      <td>9.3</td>\n",
       "      <td>8.4</td>\n",
       "      <td>4.3</td>\n",
       "      <td>5.0</td>\n",
       "    </tr>\n",
       "    <tr>\n",
       "      <td>3</td>\n",
       "      <td>2</td>\n",
       "      <td>43</td>\n",
       "      <td>11.48</td>\n",
       "      <td>6.55</td>\n",
       "      <td>9.9</td>\n",
       "      <td>11.1</td>\n",
       "      <td>7.4</td>\n",
       "      <td>8.9</td>\n",
       "      <td>7.1</td>\n",
       "      <td>3.0</td>\n",
       "      <td>4.0</td>\n",
       "    </tr>\n",
       "    <tr>\n",
       "      <td>4</td>\n",
       "      <td>1</td>\n",
       "      <td>32</td>\n",
       "      <td>7.38</td>\n",
       "      <td>6.40</td>\n",
       "      <td>10.5</td>\n",
       "      <td>16.6</td>\n",
       "      <td>13.1</td>\n",
       "      <td>14.7</td>\n",
       "      <td>10.7</td>\n",
       "      <td>6.1</td>\n",
       "      <td>7.0</td>\n",
       "    </tr>\n",
       "  </tbody>\n",
       "</table>\n",
       "</div>"
      ],
      "text/plain": [
       "   sex  age    Cys   Scr  rGFR  FAScr  FAScys  FAScrcys  EPIcr  EPIcys  \\\n",
       "0    1   38   3.35  8.69  83.7   11.4    26.9      16.0    7.1    17.1   \n",
       "1    1   38   3.35  8.69  63.0   11.4    26.9      16.0    7.1    17.1   \n",
       "2    1   59   8.89  6.72  11.7   11.4     7.9       9.3    8.4     4.3   \n",
       "3    2   43  11.48  6.55   9.9   11.1     7.4       8.9    7.1     3.0   \n",
       "4    1   32   7.38  6.40  10.5   16.6    13.1      14.7   10.7     6.1   \n",
       "\n",
       "   EPIcrcys  \n",
       "0      10.0  \n",
       "1      10.0  \n",
       "2       5.0  \n",
       "3       4.0  \n",
       "4       7.0  "
      ]
     },
     "execution_count": 4,
     "metadata": {},
     "output_type": "execute_result"
    }
   ],
   "source": [
    "df.head()"
   ]
  },
  {
   "cell_type": "code",
   "execution_count": 5,
   "metadata": {},
   "outputs": [
    {
     "data": {
      "text/html": [
       "<div>\n",
       "<style scoped>\n",
       "    .dataframe tbody tr th:only-of-type {\n",
       "        vertical-align: middle;\n",
       "    }\n",
       "\n",
       "    .dataframe tbody tr th {\n",
       "        vertical-align: top;\n",
       "    }\n",
       "\n",
       "    .dataframe thead th {\n",
       "        text-align: right;\n",
       "    }\n",
       "</style>\n",
       "<table border=\"1\" class=\"dataframe\">\n",
       "  <thead>\n",
       "    <tr style=\"text-align: right;\">\n",
       "      <th></th>\n",
       "      <th>sex</th>\n",
       "      <th>age</th>\n",
       "      <th>Cys</th>\n",
       "      <th>Scr</th>\n",
       "      <th>rGFR</th>\n",
       "      <th>FAScr</th>\n",
       "      <th>FAScys</th>\n",
       "      <th>FAScrcys</th>\n",
       "      <th>EPIcr</th>\n",
       "      <th>EPIcys</th>\n",
       "      <th>EPIcrcys</th>\n",
       "    </tr>\n",
       "  </thead>\n",
       "  <tbody>\n",
       "    <tr>\n",
       "      <td>sex</td>\n",
       "      <td>1.000000</td>\n",
       "      <td>-0.007743</td>\n",
       "      <td>-0.095576</td>\n",
       "      <td>-0.060239</td>\n",
       "      <td>0.091701</td>\n",
       "      <td>-0.083213</td>\n",
       "      <td>0.261361</td>\n",
       "      <td>0.081258</td>\n",
       "      <td>-0.100085</td>\n",
       "      <td>0.200084</td>\n",
       "      <td>0.074212</td>\n",
       "    </tr>\n",
       "    <tr>\n",
       "      <td>age</td>\n",
       "      <td>-0.007743</td>\n",
       "      <td>1.000000</td>\n",
       "      <td>0.155757</td>\n",
       "      <td>0.308770</td>\n",
       "      <td>-0.440609</td>\n",
       "      <td>-0.680546</td>\n",
       "      <td>-0.536314</td>\n",
       "      <td>-0.652213</td>\n",
       "      <td>-0.600863</td>\n",
       "      <td>-0.418263</td>\n",
       "      <td>-0.517674</td>\n",
       "    </tr>\n",
       "    <tr>\n",
       "      <td>Cys</td>\n",
       "      <td>-0.095576</td>\n",
       "      <td>0.155757</td>\n",
       "      <td>1.000000</td>\n",
       "      <td>0.854291</td>\n",
       "      <td>-0.656045</td>\n",
       "      <td>-0.540841</td>\n",
       "      <td>-0.617365</td>\n",
       "      <td>-0.626052</td>\n",
       "      <td>-0.599314</td>\n",
       "      <td>-0.717181</td>\n",
       "      <td>-0.691067</td>\n",
       "    </tr>\n",
       "    <tr>\n",
       "      <td>Scr</td>\n",
       "      <td>-0.060239</td>\n",
       "      <td>0.308770</td>\n",
       "      <td>0.854291</td>\n",
       "      <td>1.000000</td>\n",
       "      <td>-0.729777</td>\n",
       "      <td>-0.725042</td>\n",
       "      <td>-0.671348</td>\n",
       "      <td>-0.750790</td>\n",
       "      <td>-0.786709</td>\n",
       "      <td>-0.768627</td>\n",
       "      <td>-0.808486</td>\n",
       "    </tr>\n",
       "    <tr>\n",
       "      <td>rGFR</td>\n",
       "      <td>0.091701</td>\n",
       "      <td>-0.440609</td>\n",
       "      <td>-0.656045</td>\n",
       "      <td>-0.729777</td>\n",
       "      <td>1.000000</td>\n",
       "      <td>0.740067</td>\n",
       "      <td>0.773793</td>\n",
       "      <td>0.812752</td>\n",
       "      <td>0.774939</td>\n",
       "      <td>0.822765</td>\n",
       "      <td>0.844125</td>\n",
       "    </tr>\n",
       "    <tr>\n",
       "      <td>FAScr</td>\n",
       "      <td>-0.083213</td>\n",
       "      <td>-0.680546</td>\n",
       "      <td>-0.540841</td>\n",
       "      <td>-0.725042</td>\n",
       "      <td>0.740067</td>\n",
       "      <td>1.000000</td>\n",
       "      <td>0.759255</td>\n",
       "      <td>0.938154</td>\n",
       "      <td>0.978269</td>\n",
       "      <td>0.752017</td>\n",
       "      <td>0.896489</td>\n",
       "    </tr>\n",
       "    <tr>\n",
       "      <td>FAScys</td>\n",
       "      <td>0.261361</td>\n",
       "      <td>-0.536314</td>\n",
       "      <td>-0.617365</td>\n",
       "      <td>-0.671348</td>\n",
       "      <td>0.773793</td>\n",
       "      <td>0.759255</td>\n",
       "      <td>1.000000</td>\n",
       "      <td>0.927412</td>\n",
       "      <td>0.757601</td>\n",
       "      <td>0.940487</td>\n",
       "      <td>0.915956</td>\n",
       "    </tr>\n",
       "    <tr>\n",
       "      <td>FAScrcys</td>\n",
       "      <td>0.081258</td>\n",
       "      <td>-0.652213</td>\n",
       "      <td>-0.626052</td>\n",
       "      <td>-0.750790</td>\n",
       "      <td>0.812752</td>\n",
       "      <td>0.938154</td>\n",
       "      <td>0.927412</td>\n",
       "      <td>1.000000</td>\n",
       "      <td>0.931711</td>\n",
       "      <td>0.903734</td>\n",
       "      <td>0.972063</td>\n",
       "    </tr>\n",
       "    <tr>\n",
       "      <td>EPIcr</td>\n",
       "      <td>-0.100085</td>\n",
       "      <td>-0.600863</td>\n",
       "      <td>-0.599314</td>\n",
       "      <td>-0.786709</td>\n",
       "      <td>0.774939</td>\n",
       "      <td>0.978269</td>\n",
       "      <td>0.757601</td>\n",
       "      <td>0.931711</td>\n",
       "      <td>1.000000</td>\n",
       "      <td>0.791709</td>\n",
       "      <td>0.929671</td>\n",
       "    </tr>\n",
       "    <tr>\n",
       "      <td>EPIcys</td>\n",
       "      <td>0.200084</td>\n",
       "      <td>-0.418263</td>\n",
       "      <td>-0.717181</td>\n",
       "      <td>-0.768627</td>\n",
       "      <td>0.822765</td>\n",
       "      <td>0.752017</td>\n",
       "      <td>0.940487</td>\n",
       "      <td>0.903734</td>\n",
       "      <td>0.791709</td>\n",
       "      <td>1.000000</td>\n",
       "      <td>0.957124</td>\n",
       "    </tr>\n",
       "    <tr>\n",
       "      <td>EPIcrcys</td>\n",
       "      <td>0.074212</td>\n",
       "      <td>-0.517674</td>\n",
       "      <td>-0.691067</td>\n",
       "      <td>-0.808486</td>\n",
       "      <td>0.844125</td>\n",
       "      <td>0.896489</td>\n",
       "      <td>0.915956</td>\n",
       "      <td>0.972063</td>\n",
       "      <td>0.929671</td>\n",
       "      <td>0.957124</td>\n",
       "      <td>1.000000</td>\n",
       "    </tr>\n",
       "  </tbody>\n",
       "</table>\n",
       "</div>"
      ],
      "text/plain": [
       "               sex       age       Cys       Scr      rGFR     FAScr  \\\n",
       "sex       1.000000 -0.007743 -0.095576 -0.060239  0.091701 -0.083213   \n",
       "age      -0.007743  1.000000  0.155757  0.308770 -0.440609 -0.680546   \n",
       "Cys      -0.095576  0.155757  1.000000  0.854291 -0.656045 -0.540841   \n",
       "Scr      -0.060239  0.308770  0.854291  1.000000 -0.729777 -0.725042   \n",
       "rGFR      0.091701 -0.440609 -0.656045 -0.729777  1.000000  0.740067   \n",
       "FAScr    -0.083213 -0.680546 -0.540841 -0.725042  0.740067  1.000000   \n",
       "FAScys    0.261361 -0.536314 -0.617365 -0.671348  0.773793  0.759255   \n",
       "FAScrcys  0.081258 -0.652213 -0.626052 -0.750790  0.812752  0.938154   \n",
       "EPIcr    -0.100085 -0.600863 -0.599314 -0.786709  0.774939  0.978269   \n",
       "EPIcys    0.200084 -0.418263 -0.717181 -0.768627  0.822765  0.752017   \n",
       "EPIcrcys  0.074212 -0.517674 -0.691067 -0.808486  0.844125  0.896489   \n",
       "\n",
       "            FAScys  FAScrcys     EPIcr    EPIcys  EPIcrcys  \n",
       "sex       0.261361  0.081258 -0.100085  0.200084  0.074212  \n",
       "age      -0.536314 -0.652213 -0.600863 -0.418263 -0.517674  \n",
       "Cys      -0.617365 -0.626052 -0.599314 -0.717181 -0.691067  \n",
       "Scr      -0.671348 -0.750790 -0.786709 -0.768627 -0.808486  \n",
       "rGFR      0.773793  0.812752  0.774939  0.822765  0.844125  \n",
       "FAScr     0.759255  0.938154  0.978269  0.752017  0.896489  \n",
       "FAScys    1.000000  0.927412  0.757601  0.940487  0.915956  \n",
       "FAScrcys  0.927412  1.000000  0.931711  0.903734  0.972063  \n",
       "EPIcr     0.757601  0.931711  1.000000  0.791709  0.929671  \n",
       "EPIcys    0.940487  0.903734  0.791709  1.000000  0.957124  \n",
       "EPIcrcys  0.915956  0.972063  0.929671  0.957124  1.000000  "
      ]
     },
     "execution_count": 5,
     "metadata": {},
     "output_type": "execute_result"
    }
   ],
   "source": [
    "df.corr()"
   ]
  },
  {
   "cell_type": "code",
   "execution_count": 6,
   "metadata": {},
   "outputs": [],
   "source": [
    "from sklearn.svm import SVR\n"
   ]
  },
  {
   "cell_type": "markdown",
   "metadata": {},
   "source": [
    "这里为了和经验公式公平对决，使用所有样本拟合的得出的模型，其超参数在之前的测试时已保证其不会过拟合，它们的测试集分数甚至比训练集高或者至多低一个百分点。"
   ]
  },
  {
   "cell_type": "code",
   "execution_count": 7,
   "metadata": {},
   "outputs": [],
   "source": [
    "class ModelWithTransform:\n",
    "    \n",
    "    def __init__(self, base_model, *, scale_method, sex_method, normalize, normalize_y):\n",
    "        self.base_model = base_model\n",
    "        \n",
    "        assert sex_method != 'sex2'\n",
    "        \n",
    "        self.scale_method = scale_method\n",
    "        self.sex_method = sex_method\n",
    "        self.normalize = normalize\n",
    "        self.normalize_y = normalize_y\n",
    "        \n",
    "    def encode_X(self, df):\n",
    "        if self.scale_method == 'linear_scale':\n",
    "            #y = df['rGFR']\n",
    "            if self.sex_method == 'dummy':\n",
    "                X = df[['age', 'Scr', 'Cys', 'sex']]\n",
    "            else:\n",
    "                X = df[['age', 'Scr', 'Cys']]\n",
    "\n",
    "        else:\n",
    "            #y = np.log(df['rGFR'])\n",
    "            if self.sex_method == 'dummy':\n",
    "                X = np.stack([df['age'], np.log(df['Scr']), np.log(df['Cys']), df['sex']], 1)\n",
    "            else:\n",
    "                X = np.stack([df['age'], np.log(df['Scr']), np.log(df['Cys'])], 1)\n",
    "\n",
    "        if self.normalize:\n",
    "            mean = X.mean(axis=0)\n",
    "            std = X.std(axis=0)\n",
    "            X = (X - mean)/std\n",
    "        if self.normalize_y:\n",
    "            raise NotImplementedError\n",
    "        \n",
    "        return X\n",
    "    \n",
    "    def encode_y(self, df):\n",
    "        if self.scale_method == 'linear_scale':\n",
    "            y = df['rGFR']\n",
    "        else:\n",
    "            y = np.log(df['rGFR'])\n",
    "        \n",
    "        return y\n",
    "    \n",
    "    def decode_y(self, y):\n",
    "        if self.scale_method == 'log_scale':\n",
    "            return np.exp(y)\n",
    "        return y\n",
    "    \n",
    "    def fit(self, df):\n",
    "        X = self.encode_X(df)\n",
    "        y = self.encode_y(df)\n",
    "        \n",
    "        self.base_model.fit(X, y)\n",
    "        \n",
    "    def predict(self, df):\n",
    "        X = self.encode_X(df)\n",
    "        y_raw = self.base_model.predict(X)\n",
    "        y = self.decode_y(y_raw)\n",
    "        return y"
   ]
  },
  {
   "cell_type": "code",
   "execution_count": 8,
   "metadata": {},
   "outputs": [],
   "source": [
    "model_t = ModelWithTransform(SVR(kernel='rbf', C=100.0, gamma=0.1, epsilon=0.05), \n",
    "                    scale_method = 'log_scale',\n",
    "                    sex_method = 'dummy',\n",
    "                    normalize = True,\n",
    "                    normalize_y = False)"
   ]
  },
  {
   "cell_type": "code",
   "execution_count": 9,
   "metadata": {},
   "outputs": [],
   "source": [
    "model_t.fit(df)"
   ]
  },
  {
   "cell_type": "code",
   "execution_count": 10,
   "metadata": {},
   "outputs": [
    {
     "data": {
      "text/plain": [
       "array([ 66.23581572,  66.23581572,   8.82708882, ..., 123.49917747,\n",
       "       120.52058624,  74.58182062])"
      ]
     },
     "execution_count": 10,
     "metadata": {},
     "output_type": "execute_result"
    }
   ],
   "source": [
    "model_t.predict(df)"
   ]
  },
  {
   "cell_type": "code",
   "execution_count": 11,
   "metadata": {},
   "outputs": [],
   "source": [
    "df['SVR'] = model_t.predict(df)"
   ]
  },
  {
   "cell_type": "code",
   "execution_count": 12,
   "metadata": {},
   "outputs": [
    {
     "data": {
      "text/html": [
       "<div>\n",
       "<style scoped>\n",
       "    .dataframe tbody tr th:only-of-type {\n",
       "        vertical-align: middle;\n",
       "    }\n",
       "\n",
       "    .dataframe tbody tr th {\n",
       "        vertical-align: top;\n",
       "    }\n",
       "\n",
       "    .dataframe thead th {\n",
       "        text-align: right;\n",
       "    }\n",
       "</style>\n",
       "<table border=\"1\" class=\"dataframe\">\n",
       "  <thead>\n",
       "    <tr style=\"text-align: right;\">\n",
       "      <th></th>\n",
       "      <th>sex</th>\n",
       "      <th>age</th>\n",
       "      <th>Cys</th>\n",
       "      <th>Scr</th>\n",
       "      <th>rGFR</th>\n",
       "      <th>FAScr</th>\n",
       "      <th>FAScys</th>\n",
       "      <th>FAScrcys</th>\n",
       "      <th>EPIcr</th>\n",
       "      <th>EPIcys</th>\n",
       "      <th>EPIcrcys</th>\n",
       "      <th>SVR</th>\n",
       "    </tr>\n",
       "  </thead>\n",
       "  <tbody>\n",
       "    <tr>\n",
       "      <td>sex</td>\n",
       "      <td>1.000000</td>\n",
       "      <td>-0.007743</td>\n",
       "      <td>-0.095576</td>\n",
       "      <td>-0.060239</td>\n",
       "      <td>0.091701</td>\n",
       "      <td>-0.083213</td>\n",
       "      <td>0.261361</td>\n",
       "      <td>0.081258</td>\n",
       "      <td>-0.100085</td>\n",
       "      <td>0.200084</td>\n",
       "      <td>0.074212</td>\n",
       "      <td>0.093741</td>\n",
       "    </tr>\n",
       "    <tr>\n",
       "      <td>age</td>\n",
       "      <td>-0.007743</td>\n",
       "      <td>1.000000</td>\n",
       "      <td>0.155757</td>\n",
       "      <td>0.308770</td>\n",
       "      <td>-0.440609</td>\n",
       "      <td>-0.680546</td>\n",
       "      <td>-0.536314</td>\n",
       "      <td>-0.652213</td>\n",
       "      <td>-0.600863</td>\n",
       "      <td>-0.418263</td>\n",
       "      <td>-0.517674</td>\n",
       "      <td>-0.504135</td>\n",
       "    </tr>\n",
       "    <tr>\n",
       "      <td>Cys</td>\n",
       "      <td>-0.095576</td>\n",
       "      <td>0.155757</td>\n",
       "      <td>1.000000</td>\n",
       "      <td>0.854291</td>\n",
       "      <td>-0.656045</td>\n",
       "      <td>-0.540841</td>\n",
       "      <td>-0.617365</td>\n",
       "      <td>-0.626052</td>\n",
       "      <td>-0.599314</td>\n",
       "      <td>-0.717181</td>\n",
       "      <td>-0.691067</td>\n",
       "      <td>-0.753731</td>\n",
       "    </tr>\n",
       "    <tr>\n",
       "      <td>Scr</td>\n",
       "      <td>-0.060239</td>\n",
       "      <td>0.308770</td>\n",
       "      <td>0.854291</td>\n",
       "      <td>1.000000</td>\n",
       "      <td>-0.729777</td>\n",
       "      <td>-0.725042</td>\n",
       "      <td>-0.671348</td>\n",
       "      <td>-0.750790</td>\n",
       "      <td>-0.786709</td>\n",
       "      <td>-0.768627</td>\n",
       "      <td>-0.808486</td>\n",
       "      <td>-0.844822</td>\n",
       "    </tr>\n",
       "    <tr>\n",
       "      <td>rGFR</td>\n",
       "      <td>0.091701</td>\n",
       "      <td>-0.440609</td>\n",
       "      <td>-0.656045</td>\n",
       "      <td>-0.729777</td>\n",
       "      <td>1.000000</td>\n",
       "      <td>0.740067</td>\n",
       "      <td>0.773793</td>\n",
       "      <td>0.812752</td>\n",
       "      <td>0.774939</td>\n",
       "      <td>0.822765</td>\n",
       "      <td>0.844125</td>\n",
       "      <td>0.865759</td>\n",
       "    </tr>\n",
       "    <tr>\n",
       "      <td>FAScr</td>\n",
       "      <td>-0.083213</td>\n",
       "      <td>-0.680546</td>\n",
       "      <td>-0.540841</td>\n",
       "      <td>-0.725042</td>\n",
       "      <td>0.740067</td>\n",
       "      <td>1.000000</td>\n",
       "      <td>0.759255</td>\n",
       "      <td>0.938154</td>\n",
       "      <td>0.978269</td>\n",
       "      <td>0.752017</td>\n",
       "      <td>0.896489</td>\n",
       "      <td>0.860934</td>\n",
       "    </tr>\n",
       "    <tr>\n",
       "      <td>FAScys</td>\n",
       "      <td>0.261361</td>\n",
       "      <td>-0.536314</td>\n",
       "      <td>-0.617365</td>\n",
       "      <td>-0.671348</td>\n",
       "      <td>0.773793</td>\n",
       "      <td>0.759255</td>\n",
       "      <td>1.000000</td>\n",
       "      <td>0.927412</td>\n",
       "      <td>0.757601</td>\n",
       "      <td>0.940487</td>\n",
       "      <td>0.915956</td>\n",
       "      <td>0.892676</td>\n",
       "    </tr>\n",
       "    <tr>\n",
       "      <td>FAScrcys</td>\n",
       "      <td>0.081258</td>\n",
       "      <td>-0.652213</td>\n",
       "      <td>-0.626052</td>\n",
       "      <td>-0.750790</td>\n",
       "      <td>0.812752</td>\n",
       "      <td>0.938154</td>\n",
       "      <td>0.927412</td>\n",
       "      <td>1.000000</td>\n",
       "      <td>0.931711</td>\n",
       "      <td>0.903734</td>\n",
       "      <td>0.972063</td>\n",
       "      <td>0.941364</td>\n",
       "    </tr>\n",
       "    <tr>\n",
       "      <td>EPIcr</td>\n",
       "      <td>-0.100085</td>\n",
       "      <td>-0.600863</td>\n",
       "      <td>-0.599314</td>\n",
       "      <td>-0.786709</td>\n",
       "      <td>0.774939</td>\n",
       "      <td>0.978269</td>\n",
       "      <td>0.757601</td>\n",
       "      <td>0.931711</td>\n",
       "      <td>1.000000</td>\n",
       "      <td>0.791709</td>\n",
       "      <td>0.929671</td>\n",
       "      <td>0.901047</td>\n",
       "    </tr>\n",
       "    <tr>\n",
       "      <td>EPIcys</td>\n",
       "      <td>0.200084</td>\n",
       "      <td>-0.418263</td>\n",
       "      <td>-0.717181</td>\n",
       "      <td>-0.768627</td>\n",
       "      <td>0.822765</td>\n",
       "      <td>0.752017</td>\n",
       "      <td>0.940487</td>\n",
       "      <td>0.903734</td>\n",
       "      <td>0.791709</td>\n",
       "      <td>1.000000</td>\n",
       "      <td>0.957124</td>\n",
       "      <td>0.948592</td>\n",
       "    </tr>\n",
       "    <tr>\n",
       "      <td>EPIcrcys</td>\n",
       "      <td>0.074212</td>\n",
       "      <td>-0.517674</td>\n",
       "      <td>-0.691067</td>\n",
       "      <td>-0.808486</td>\n",
       "      <td>0.844125</td>\n",
       "      <td>0.896489</td>\n",
       "      <td>0.915956</td>\n",
       "      <td>0.972063</td>\n",
       "      <td>0.929671</td>\n",
       "      <td>0.957124</td>\n",
       "      <td>1.000000</td>\n",
       "      <td>0.977194</td>\n",
       "    </tr>\n",
       "    <tr>\n",
       "      <td>SVR</td>\n",
       "      <td>0.093741</td>\n",
       "      <td>-0.504135</td>\n",
       "      <td>-0.753731</td>\n",
       "      <td>-0.844822</td>\n",
       "      <td>0.865759</td>\n",
       "      <td>0.860934</td>\n",
       "      <td>0.892676</td>\n",
       "      <td>0.941364</td>\n",
       "      <td>0.901047</td>\n",
       "      <td>0.948592</td>\n",
       "      <td>0.977194</td>\n",
       "      <td>1.000000</td>\n",
       "    </tr>\n",
       "  </tbody>\n",
       "</table>\n",
       "</div>"
      ],
      "text/plain": [
       "               sex       age       Cys       Scr      rGFR     FAScr  \\\n",
       "sex       1.000000 -0.007743 -0.095576 -0.060239  0.091701 -0.083213   \n",
       "age      -0.007743  1.000000  0.155757  0.308770 -0.440609 -0.680546   \n",
       "Cys      -0.095576  0.155757  1.000000  0.854291 -0.656045 -0.540841   \n",
       "Scr      -0.060239  0.308770  0.854291  1.000000 -0.729777 -0.725042   \n",
       "rGFR      0.091701 -0.440609 -0.656045 -0.729777  1.000000  0.740067   \n",
       "FAScr    -0.083213 -0.680546 -0.540841 -0.725042  0.740067  1.000000   \n",
       "FAScys    0.261361 -0.536314 -0.617365 -0.671348  0.773793  0.759255   \n",
       "FAScrcys  0.081258 -0.652213 -0.626052 -0.750790  0.812752  0.938154   \n",
       "EPIcr    -0.100085 -0.600863 -0.599314 -0.786709  0.774939  0.978269   \n",
       "EPIcys    0.200084 -0.418263 -0.717181 -0.768627  0.822765  0.752017   \n",
       "EPIcrcys  0.074212 -0.517674 -0.691067 -0.808486  0.844125  0.896489   \n",
       "SVR       0.093741 -0.504135 -0.753731 -0.844822  0.865759  0.860934   \n",
       "\n",
       "            FAScys  FAScrcys     EPIcr    EPIcys  EPIcrcys       SVR  \n",
       "sex       0.261361  0.081258 -0.100085  0.200084  0.074212  0.093741  \n",
       "age      -0.536314 -0.652213 -0.600863 -0.418263 -0.517674 -0.504135  \n",
       "Cys      -0.617365 -0.626052 -0.599314 -0.717181 -0.691067 -0.753731  \n",
       "Scr      -0.671348 -0.750790 -0.786709 -0.768627 -0.808486 -0.844822  \n",
       "rGFR      0.773793  0.812752  0.774939  0.822765  0.844125  0.865759  \n",
       "FAScr     0.759255  0.938154  0.978269  0.752017  0.896489  0.860934  \n",
       "FAScys    1.000000  0.927412  0.757601  0.940487  0.915956  0.892676  \n",
       "FAScrcys  0.927412  1.000000  0.931711  0.903734  0.972063  0.941364  \n",
       "EPIcr     0.757601  0.931711  1.000000  0.791709  0.929671  0.901047  \n",
       "EPIcys    0.940487  0.903734  0.791709  1.000000  0.957124  0.948592  \n",
       "EPIcrcys  0.915956  0.972063  0.929671  0.957124  1.000000  0.977194  \n",
       "SVR       0.892676  0.941364  0.901047  0.948592  0.977194  1.000000  "
      ]
     },
     "execution_count": 12,
     "metadata": {},
     "output_type": "execute_result"
    }
   ],
   "source": [
    "df.corr()"
   ]
  },
  {
   "cell_type": "code",
   "execution_count": 13,
   "metadata": {},
   "outputs": [
    {
     "data": {
      "text/html": [
       "<div>\n",
       "<style scoped>\n",
       "    .dataframe tbody tr th:only-of-type {\n",
       "        vertical-align: middle;\n",
       "    }\n",
       "\n",
       "    .dataframe tbody tr th {\n",
       "        vertical-align: top;\n",
       "    }\n",
       "\n",
       "    .dataframe thead th {\n",
       "        text-align: right;\n",
       "    }\n",
       "</style>\n",
       "<table border=\"1\" class=\"dataframe\">\n",
       "  <thead>\n",
       "    <tr style=\"text-align: right;\">\n",
       "      <th></th>\n",
       "      <th>sex</th>\n",
       "      <th>age</th>\n",
       "      <th>Cys</th>\n",
       "      <th>Scr</th>\n",
       "      <th>rGFR</th>\n",
       "      <th>FAScr</th>\n",
       "      <th>FAScys</th>\n",
       "      <th>FAScrcys</th>\n",
       "      <th>EPIcr</th>\n",
       "      <th>EPIcys</th>\n",
       "      <th>EPIcrcys</th>\n",
       "      <th>SVR</th>\n",
       "      <th>CKD_EPI_Cr</th>\n",
       "      <th>CKD_EPI_Cys</th>\n",
       "      <th>CKD_EPI_Cr_Cys</th>\n",
       "      <th>FAS_cr</th>\n",
       "      <th>FAS_Cys</th>\n",
       "      <th>FAS_Cr_Cys</th>\n",
       "    </tr>\n",
       "  </thead>\n",
       "  <tbody>\n",
       "    <tr>\n",
       "      <td>sex</td>\n",
       "      <td>1.000000</td>\n",
       "      <td>-0.007743</td>\n",
       "      <td>-0.095576</td>\n",
       "      <td>-0.060239</td>\n",
       "      <td>0.091701</td>\n",
       "      <td>-0.083213</td>\n",
       "      <td>0.261361</td>\n",
       "      <td>0.081258</td>\n",
       "      <td>-0.100085</td>\n",
       "      <td>0.200084</td>\n",
       "      <td>0.074212</td>\n",
       "      <td>0.093741</td>\n",
       "      <td>-0.081871</td>\n",
       "      <td>0.200089</td>\n",
       "      <td>0.074111</td>\n",
       "      <td>-0.090783</td>\n",
       "      <td>0.274252</td>\n",
       "      <td>0.083872</td>\n",
       "    </tr>\n",
       "    <tr>\n",
       "      <td>age</td>\n",
       "      <td>-0.007743</td>\n",
       "      <td>1.000000</td>\n",
       "      <td>0.155757</td>\n",
       "      <td>0.308770</td>\n",
       "      <td>-0.440609</td>\n",
       "      <td>-0.680546</td>\n",
       "      <td>-0.536314</td>\n",
       "      <td>-0.652213</td>\n",
       "      <td>-0.600863</td>\n",
       "      <td>-0.418263</td>\n",
       "      <td>-0.517674</td>\n",
       "      <td>-0.504135</td>\n",
       "      <td>-0.602757</td>\n",
       "      <td>-0.418232</td>\n",
       "      <td>-0.517767</td>\n",
       "      <td>-0.623763</td>\n",
       "      <td>-0.476405</td>\n",
       "      <td>-0.593327</td>\n",
       "    </tr>\n",
       "    <tr>\n",
       "      <td>Cys</td>\n",
       "      <td>-0.095576</td>\n",
       "      <td>0.155757</td>\n",
       "      <td>1.000000</td>\n",
       "      <td>0.854291</td>\n",
       "      <td>-0.656045</td>\n",
       "      <td>-0.540841</td>\n",
       "      <td>-0.617365</td>\n",
       "      <td>-0.626052</td>\n",
       "      <td>-0.599314</td>\n",
       "      <td>-0.717181</td>\n",
       "      <td>-0.691067</td>\n",
       "      <td>-0.753731</td>\n",
       "      <td>-0.601871</td>\n",
       "      <td>-0.717176</td>\n",
       "      <td>-0.691028</td>\n",
       "      <td>-0.566568</td>\n",
       "      <td>-0.646483</td>\n",
       "      <td>-0.658845</td>\n",
       "    </tr>\n",
       "    <tr>\n",
       "      <td>Scr</td>\n",
       "      <td>-0.060239</td>\n",
       "      <td>0.308770</td>\n",
       "      <td>0.854291</td>\n",
       "      <td>1.000000</td>\n",
       "      <td>-0.729777</td>\n",
       "      <td>-0.725042</td>\n",
       "      <td>-0.671348</td>\n",
       "      <td>-0.750790</td>\n",
       "      <td>-0.786709</td>\n",
       "      <td>-0.768627</td>\n",
       "      <td>-0.808486</td>\n",
       "      <td>-0.844822</td>\n",
       "      <td>-0.789165</td>\n",
       "      <td>-0.768638</td>\n",
       "      <td>-0.808378</td>\n",
       "      <td>-0.755141</td>\n",
       "      <td>-0.696687</td>\n",
       "      <td>-0.784444</td>\n",
       "    </tr>\n",
       "    <tr>\n",
       "      <td>rGFR</td>\n",
       "      <td>0.091701</td>\n",
       "      <td>-0.440609</td>\n",
       "      <td>-0.656045</td>\n",
       "      <td>-0.729777</td>\n",
       "      <td>1.000000</td>\n",
       "      <td>0.740067</td>\n",
       "      <td>0.773793</td>\n",
       "      <td>0.812752</td>\n",
       "      <td>0.774939</td>\n",
       "      <td>0.822765</td>\n",
       "      <td>0.844125</td>\n",
       "      <td>0.865759</td>\n",
       "      <td>0.778504</td>\n",
       "      <td>0.822771</td>\n",
       "      <td>0.844254</td>\n",
       "      <td>0.753606</td>\n",
       "      <td>0.786980</td>\n",
       "      <td>0.831135</td>\n",
       "    </tr>\n",
       "    <tr>\n",
       "      <td>FAScr</td>\n",
       "      <td>-0.083213</td>\n",
       "      <td>-0.680546</td>\n",
       "      <td>-0.540841</td>\n",
       "      <td>-0.725042</td>\n",
       "      <td>0.740067</td>\n",
       "      <td>1.000000</td>\n",
       "      <td>0.759255</td>\n",
       "      <td>0.938154</td>\n",
       "      <td>0.978269</td>\n",
       "      <td>0.752017</td>\n",
       "      <td>0.896489</td>\n",
       "      <td>0.860934</td>\n",
       "      <td>0.978391</td>\n",
       "      <td>0.752014</td>\n",
       "      <td>0.896506</td>\n",
       "      <td>0.987302</td>\n",
       "      <td>0.735510</td>\n",
       "      <td>0.922982</td>\n",
       "    </tr>\n",
       "    <tr>\n",
       "      <td>FAScys</td>\n",
       "      <td>0.261361</td>\n",
       "      <td>-0.536314</td>\n",
       "      <td>-0.617365</td>\n",
       "      <td>-0.671348</td>\n",
       "      <td>0.773793</td>\n",
       "      <td>0.759255</td>\n",
       "      <td>1.000000</td>\n",
       "      <td>0.927412</td>\n",
       "      <td>0.757601</td>\n",
       "      <td>0.940487</td>\n",
       "      <td>0.915956</td>\n",
       "      <td>0.892676</td>\n",
       "      <td>0.765593</td>\n",
       "      <td>0.940484</td>\n",
       "      <td>0.915898</td>\n",
       "      <td>0.741709</td>\n",
       "      <td>0.988484</td>\n",
       "      <td>0.916626</td>\n",
       "    </tr>\n",
       "    <tr>\n",
       "      <td>FAScrcys</td>\n",
       "      <td>0.081258</td>\n",
       "      <td>-0.652213</td>\n",
       "      <td>-0.626052</td>\n",
       "      <td>-0.750790</td>\n",
       "      <td>0.812752</td>\n",
       "      <td>0.938154</td>\n",
       "      <td>0.927412</td>\n",
       "      <td>1.000000</td>\n",
       "      <td>0.931711</td>\n",
       "      <td>0.903734</td>\n",
       "      <td>0.972063</td>\n",
       "      <td>0.941364</td>\n",
       "      <td>0.935844</td>\n",
       "      <td>0.903728</td>\n",
       "      <td>0.972045</td>\n",
       "      <td>0.922504</td>\n",
       "      <td>0.909042</td>\n",
       "      <td>0.987055</td>\n",
       "    </tr>\n",
       "    <tr>\n",
       "      <td>EPIcr</td>\n",
       "      <td>-0.100085</td>\n",
       "      <td>-0.600863</td>\n",
       "      <td>-0.599314</td>\n",
       "      <td>-0.786709</td>\n",
       "      <td>0.774939</td>\n",
       "      <td>0.978269</td>\n",
       "      <td>0.757601</td>\n",
       "      <td>0.931711</td>\n",
       "      <td>1.000000</td>\n",
       "      <td>0.791709</td>\n",
       "      <td>0.929671</td>\n",
       "      <td>0.901047</td>\n",
       "      <td>0.999743</td>\n",
       "      <td>0.791709</td>\n",
       "      <td>0.929721</td>\n",
       "      <td>0.982411</td>\n",
       "      <td>0.749873</td>\n",
       "      <td>0.934564</td>\n",
       "    </tr>\n",
       "    <tr>\n",
       "      <td>EPIcys</td>\n",
       "      <td>0.200084</td>\n",
       "      <td>-0.418263</td>\n",
       "      <td>-0.717181</td>\n",
       "      <td>-0.768627</td>\n",
       "      <td>0.822765</td>\n",
       "      <td>0.752017</td>\n",
       "      <td>0.940487</td>\n",
       "      <td>0.903734</td>\n",
       "      <td>0.791709</td>\n",
       "      <td>1.000000</td>\n",
       "      <td>0.957124</td>\n",
       "      <td>0.948592</td>\n",
       "      <td>0.797619</td>\n",
       "      <td>1.000000</td>\n",
       "      <td>0.957136</td>\n",
       "      <td>0.762055</td>\n",
       "      <td>0.957963</td>\n",
       "      <td>0.922992</td>\n",
       "    </tr>\n",
       "    <tr>\n",
       "      <td>EPIcrcys</td>\n",
       "      <td>0.074212</td>\n",
       "      <td>-0.517674</td>\n",
       "      <td>-0.691067</td>\n",
       "      <td>-0.808486</td>\n",
       "      <td>0.844125</td>\n",
       "      <td>0.896489</td>\n",
       "      <td>0.915956</td>\n",
       "      <td>0.972063</td>\n",
       "      <td>0.929671</td>\n",
       "      <td>0.957124</td>\n",
       "      <td>1.000000</td>\n",
       "      <td>0.977194</td>\n",
       "      <td>0.933337</td>\n",
       "      <td>0.957124</td>\n",
       "      <td>0.999967</td>\n",
       "      <td>0.905356</td>\n",
       "      <td>0.922850</td>\n",
       "      <td>0.985555</td>\n",
       "    </tr>\n",
       "    <tr>\n",
       "      <td>SVR</td>\n",
       "      <td>0.093741</td>\n",
       "      <td>-0.504135</td>\n",
       "      <td>-0.753731</td>\n",
       "      <td>-0.844822</td>\n",
       "      <td>0.865759</td>\n",
       "      <td>0.860934</td>\n",
       "      <td>0.892676</td>\n",
       "      <td>0.941364</td>\n",
       "      <td>0.901047</td>\n",
       "      <td>0.948592</td>\n",
       "      <td>0.977194</td>\n",
       "      <td>1.000000</td>\n",
       "      <td>0.904832</td>\n",
       "      <td>0.948592</td>\n",
       "      <td>0.977220</td>\n",
       "      <td>0.876483</td>\n",
       "      <td>0.907298</td>\n",
       "      <td>0.962233</td>\n",
       "    </tr>\n",
       "    <tr>\n",
       "      <td>CKD_EPI_Cr</td>\n",
       "      <td>-0.081871</td>\n",
       "      <td>-0.602757</td>\n",
       "      <td>-0.601871</td>\n",
       "      <td>-0.789165</td>\n",
       "      <td>0.778504</td>\n",
       "      <td>0.978391</td>\n",
       "      <td>0.765593</td>\n",
       "      <td>0.935844</td>\n",
       "      <td>0.999743</td>\n",
       "      <td>0.797619</td>\n",
       "      <td>0.933337</td>\n",
       "      <td>0.904832</td>\n",
       "      <td>1.000000</td>\n",
       "      <td>0.797619</td>\n",
       "      <td>0.933386</td>\n",
       "      <td>0.982382</td>\n",
       "      <td>0.758070</td>\n",
       "      <td>0.938746</td>\n",
       "    </tr>\n",
       "    <tr>\n",
       "      <td>CKD_EPI_Cys</td>\n",
       "      <td>0.200089</td>\n",
       "      <td>-0.418232</td>\n",
       "      <td>-0.717176</td>\n",
       "      <td>-0.768638</td>\n",
       "      <td>0.822771</td>\n",
       "      <td>0.752014</td>\n",
       "      <td>0.940484</td>\n",
       "      <td>0.903728</td>\n",
       "      <td>0.791709</td>\n",
       "      <td>1.000000</td>\n",
       "      <td>0.957124</td>\n",
       "      <td>0.948592</td>\n",
       "      <td>0.797619</td>\n",
       "      <td>1.000000</td>\n",
       "      <td>0.957136</td>\n",
       "      <td>0.762052</td>\n",
       "      <td>0.957960</td>\n",
       "      <td>0.922987</td>\n",
       "    </tr>\n",
       "    <tr>\n",
       "      <td>CKD_EPI_Cr_Cys</td>\n",
       "      <td>0.074111</td>\n",
       "      <td>-0.517767</td>\n",
       "      <td>-0.691028</td>\n",
       "      <td>-0.808378</td>\n",
       "      <td>0.844254</td>\n",
       "      <td>0.896506</td>\n",
       "      <td>0.915898</td>\n",
       "      <td>0.972045</td>\n",
       "      <td>0.929721</td>\n",
       "      <td>0.957136</td>\n",
       "      <td>0.999967</td>\n",
       "      <td>0.977220</td>\n",
       "      <td>0.933386</td>\n",
       "      <td>0.957136</td>\n",
       "      <td>1.000000</td>\n",
       "      <td>0.905412</td>\n",
       "      <td>0.922825</td>\n",
       "      <td>0.985576</td>\n",
       "    </tr>\n",
       "    <tr>\n",
       "      <td>FAS_cr</td>\n",
       "      <td>-0.090783</td>\n",
       "      <td>-0.623763</td>\n",
       "      <td>-0.566568</td>\n",
       "      <td>-0.755141</td>\n",
       "      <td>0.753606</td>\n",
       "      <td>0.987302</td>\n",
       "      <td>0.741709</td>\n",
       "      <td>0.922504</td>\n",
       "      <td>0.982411</td>\n",
       "      <td>0.762055</td>\n",
       "      <td>0.905356</td>\n",
       "      <td>0.876483</td>\n",
       "      <td>0.982382</td>\n",
       "      <td>0.762052</td>\n",
       "      <td>0.905412</td>\n",
       "      <td>1.000000</td>\n",
       "      <td>0.739676</td>\n",
       "      <td>0.932318</td>\n",
       "    </tr>\n",
       "    <tr>\n",
       "      <td>FAS_Cys</td>\n",
       "      <td>0.274252</td>\n",
       "      <td>-0.476405</td>\n",
       "      <td>-0.646483</td>\n",
       "      <td>-0.696687</td>\n",
